    19      91.49      91.48 
    27     130.01     130.00 
    55     264.83     264.82 
    75     361.13     361.12 
    77     370.76     370.75 
   127     611.51     611.50 
   129     621.14     621.13 
   131     630.77     630.76 
   133     640.40     640.39 
   175     842.63     842.62 
   177     852.26     852.25 
   229    1102.64    1102.63 
   233    1121.90    1121.89 
   237    1141.16    1141.15 
   241    1160.42    1160.41 
   275    1324.13    1324.12 
   279    1343.39    1343.38 
   283    1362.65    1362.64 
   287    1381.91    1381.90 
   329    1584.14    1584.13 
   333    1603.40    1603.39 
   375    1805.63    1805.62 
   433    2084.90    2084.89 
   441    2123.42    2123.41 
   449    2161.94    2161.93 
   457    2200.46    2200.45 
   465    2238.98    2238.97 
   475    2287.13    2287.12 
   483    2325.65    2325.64 
   491    2364.17    2364.16 
   499    2402.69    2402.68 
   507    2441.21    2441.20 
   533    2566.40    2566.39 
   541    2604.92    2604.91 
   549    2643.44    2643.43 
   575    2768.63    2768.62 
   583    2807.15    2807.14 
   591    2845.67    2845.66 
   599    2884.19    2884.18 
   633    3047.90    3047.89 
   641    3086.42    3086.41 
   675    3250.13    3250.12 
   683    3288.65    3288.64 
   733    3529.40    3529.39 
   775    3731.63    3731.62 
   855    4116.83    4116.82 
   857    4126.46    4126.45 
   873    4203.50    4203.49 
   875    4213.13    4213.12 
   889    4280.54    4280.53 
   891    4290.17    4290.16 
   905    4357.58    4357.57 
   907    4367.21    4367.20 
   923    4444.25    4444.24 
   939    4521.29    4521.28 
   941    4530.92    4530.91 
   955    4598.33    4598.32 
   957    4607.96    4607.95 
   973    4685.00    4684.99 
   975    4694.63    4694.62 
   989    4762.04    4762.03 
   991    4771.67    4771.66 

Process finished with exit code 0
